1,6.7136,0.4739,5.4308,2.6864,2.6864,0.0000,0.0000,0.0000,0.0000,0.0000,1.7776,0.0000,0.0635,0.6329,0.0000,0.0000,0.0000,0.0000,0.0000,0.0000,0.0000,0.0000,0.0000,26.8595,0.3036,0.0000,0.0000,0.0000,1.0000,0.0000,0.0000,0.0000,0.0000
2,7.1658,0.0000,-3.8871,2.6864,2.6864,0.0000,0.0000,0.0000,0.0000,0.0000,0.0000,0.0000,0.0000,0.0000,0.0000,0.0000,0.0000,0.0000,0.0000,0.0000,0.0000,0.0000,0.0000,36.1035,0.4081,0.0000,0.0000,0.0000,1.0000,0.0000,0.0000,0.0000,0.0000
3,0.7842,0.0000,2.9585,0.7147,0.0000,0.7147,0.0000,0.0000,0.0000,0.0000,0.0000,0.0000,0.0000,0.0000,0.0000,0.0000,0.0000,0.0000,0.0000,0.0000,0.0000,0.0000,0.0000,1.1966,0.0135,0.0000,0.0000,0.0000,1.0000,0.0000,0.0000,0.0000,0.0000
4,1.1086,0.3800,3.4400,0.7147,0.0000,0.7147,0.0000,0.0000,0.0000,0.0000,0.4125,0.0000,0.0120,0.1194,0.0000,0.0000,0.0000,0.0000,0.0000,0.0000,0.0000,0.0000,0.0195,2.3526,0.0274,0.0000,0.0000,0.0000,1.0000,0.0000,0.0000,0.0000,0.0000
5,1.4077,0.3800,1.6800,0.7147,0.0000,0.7147,0.0000,0.0000,0.0000,0.0000,0.4479,0.0000,0.0015,0.0153,0.0000,0.0000,0.0000,0.0000,0.0000,0.0000,0.0000,0.0000,0.1368,4.7958,0.0600,0.0000,0.0000,0.0000,1.0000,0.0000,0.0000,0.0000,0.0000
9,1.1022,0.3100,3.4400,0.7147,0.0000,0.7147,0.0000,0.0000,0.0000,0.0000,0.3465,0.0000,0.0056,0.0555,0.0000,0.0000,0.0000,0.0000,0.0000,0.0000,0.0000,0.0000,0.0617,1.8362,0.0234,0.0000,0.0000,0.0000,1.0000,0.0000,0.0000,0.0000,0.0000
10,1.3322,0.3100,1.6800,0.7147,0.0000,0.7147,0.0000,0.0000,0.0000,0.0000,0.3651,0.0000,0.0000,0.0000,0.0000,0.0000,0.0000,0.0000,0.0000,0.0000,0.0000,0.0000,0.1241,4.4737,0.0558,0.0000,0.0000,0.0000,1.0000,0.0000,0.0000,0.0000,0.0000
11,2.7238,0.3100,-0.0800,1.0840,0.5031,0.5809,0.0000,0.0000,0.0000,0.0000,0.5355,0.0000,0.0000,0.0000,0.0000,0.0000,0.0000,0.0000,0.0000,0.0000,0.0000,0.0000,0.1871,12.2826,0.1467,0.0000,0.0000,0.0000,1.0000,0.0000,0.0000,0.0000,0.0000
14,1.0102,0.2400,3.4400,0.7147,0.0000,0.7147,0.0000,0.0000,0.0000,0.0000,0.2595,0.0000,0.0060,0.0598,0.0000,0.0000,0.0000,0.0000,0.0000,0.0000,0.0000,0.0000,0.0277,1.6296,0.0196,0.0000,0.0000,0.0000,1.0000,0.0000,0.0000,0.0000,0.0000
15,1.2792,0.2400,1.6800,0.7147,0.0000,0.7147,0.0000,0.0000,0.0000,0.0000,0.2793,0.0000,0.0000,0.0000,0.0000,0.0000,0.0000,0.0000,0.0000,0.0000,0.0000,0.0000,0.0950,4.3622,0.0533,0.0000,0.0000,0.0000,1.0000,0.0000,0.0000,0.0000,0.0000
16,1.7231,0.2400,-0.0800,0.7147,0.0000,0.7147,0.0000,0.0000,0.0000,0.0000,0.2793,0.0000,0.0000,0.0000,0.0000,0.0000,0.0000,0.0000,0.0000,0.0000,0.0000,0.0000,0.0950,8.2206,0.0969,0.0000,0.0000,0.0000,1.0000,0.0000,0.0000,0.0000,0.0000
19,0.8970,0.1700,3.3185,0.7147,0.0000,0.7147,0.0000,0.0000,0.0000,0.0000,0.1790,0.0000,0.0051,0.0505,0.0000,0.0000,0.0000,0.0000,0.0000,0.0000,0.0000,0.0098,0.0000,1.4558,0.0165,0.0000,0.0000,0.0000,1.0000,0.0000,0.0000,0.0000,0.0000
20,1.2286,0.1700,1.6800,0.7147,0.0000,0.7147,0.0000,0.0000,0.0000,0.0000,0.1952,0.0000,0.0001,0.0009,0.0000,0.0000,0.0000,0.0000,0.0000,0.0000,0.0000,0.0000,0.0655,4.2654,0.0510,0.0000,0.0000,0.0000,1.0000,0.0000,0.0000,0.0000,0.0000
21,1.6758,0.1700,-0.0800,0.7147,0.0000,0.7147,0.0000,0.0000,0.0000,0.0000,0.1955,0.0000,0.0000,0.0000,0.0000,0.0000,0.0000,0.0000,0.0000,0.0000,0.0000,0.0035,0.0630,8.1503,0.0948,0.0000,0.0000,0.0000,1.0000,0.0000,0.0000,0.0000,0.0000
22,6.1837,0.1704,-1.8400,2.3677,2.2414,0.1168,0.0000,0.0095,0.0000,0.0000,0.5971,0.0000,0.0001,0.0018,0.0000,0.0000,0.0000,0.0000,0.0000,0.0000,0.0000,0.0000,0.2135,29.1222,0.3382,0.0000,0.0000,0.0000,1.0000,0.0000,0.0000,0.0000,0.0040
24,0.8471,0.1000,3.2138,0.7147,0.0000,0.7147,0.0000,0.0000,0.0000,0.0000,0.0983,0.0095,0.0147,0.0330,0.0000,0.0000,0.0000,0.0000,0.0000,0.0000,0.0000,0.0000,0.0000,1.3546,0.0153,0.0000,0.0000,0.0000,1.0000,0.0000,0.0000,0.0000,0.0000
25,1.1769,0.1000,1.6800,0.7147,0.0000,0.7147,0.0000,0.0000,0.0000,0.0000,0.1136,0.0000,0.0000,0.0000,0.0000,0.0000,0.0000,0.0000,0.0000,0.0000,0.0000,0.0000,0.0386,4.1470,0.0485,0.0000,0.0000,0.0000,1.0000,0.0000,0.0000,0.0000,0.0000
26,1.6208,0.1000,-0.0800,0.7147,0.0000,0.7147,0.0000,0.0000,0.0000,0.0000,0.1136,0.0000,0.0000,0.0000,0.0000,0.0000,0.0000,0.0000,0.0000,0.0000,0.0000,0.0000,0.0386,8.0054,0.0921,0.0000,0.0000,0.0000,1.0000,0.0000,0.0000,0.0000,0.0000
27,4.6387,0.1000,-1.8400,1.7770,1.4473,0.3296,0.0000,0.0000,0.0000,0.0000,0.2612,0.0000,0.0000,0.0000,0.0000,0.0000,0.0000,0.0000,0.0000,0.0000,0.0000,0.0000,0.0930,22.7785,0.2614,0.0000,0.0000,0.0000,1.0000,0.0000,0.0000,0.0000,0.0000
